1	1	1	2022
2	2	1	2022
3	3	1	2022
4	4	1	2022
5	5	1	2022
6	6	1	2022
7	7	1	2022
8	8	1	2022
9	9	1	2022
10	10	1	2022
11	11	1	2022
12	12	1	2022
13	13	1	2022
14	14	1	2022
15	15	1	2022
16	16	1	2022
17	17	1	2022
18	18	1	2022
19	19	1	2022
20	20	1	2022
21	21	1	2022
22	22	1	2022
23	23	1	2022
24	24	1	2022
25	25	1	2022
26	26	1	2022
27	27	1	2022
28	28	1	2022
29	29	1	2022
30	30	1	2022
31	31	1	2022
32	1	2	2022
33	2	2	2022
34	3	2	2022
35	4	2	2022
36	5	2	2022
37	6	2	2022
38	7	2	2022
39	8	2	2022
40	9	2	2022
41	10	2	2022
42	11	2	2022
43	12	2	2022
44	13	2	2022
45	14	2	2022
46	15	2	2022
47	16	2	2022
48	17	2	2022
49	18	2	2022
50	19	2	2022
51	20	2	2022
52	21	2	2022
53	22	2	2022
54	23	2	2022
55	24	2	2022
56	25	2	2022
57	26	2	2022
58	27	2	2022
59	28	2	2022
60	1	3	2022
61	2	3	2022
62	3	3	2022
63	4	3	2022
64	5	3	2022
65	6	3	2022
66	7	3	2022
67	8	3	2022
68	9	3	2022
69	10	3	2022
70	11	3	2022
71	12	3	2022
72	13	3	2022
73	14	3	2022
74	15	3	2022
75	16	3	2022
76	17	3	2022
77	18	3	2022
78	19	3	2022
79	20	3	2022
80	21	3	2022
81	22	3	2022
82	23	3	2022
83	24	3	2022
84	25	3	2022
85	26	3	2022
86	27	3	2022
87	28	3	2022
88	29	3	2022
89	30	3	2022
90	31	3	2022
91	1	4	2022
92	2	4	2022
93	3	4	2022
94	4	4	2022
95	5	4	2022
96	6	4	2022
97	7	4	2022
98	8	4	2022
99	9	4	2022
100	10	4	2022
101	11	4	2022
102	12	4	2022
103	13	4	2022
104	14	4	2022
105	15	4	2022
106	16	4	2022
107	17	4	2022
108	18	4	2022
109	19	4	2022
110	20	4	2022
111	21	4	2022
112	22	4	2022
113	23	4	2022
114	24	4	2022
115	25	4	2022
116	26	4	2022
117	27	4	2022
118	28	4	2022
119	29	4	2022
120	30	4	2022
121	1	5	2022
122	2	5	2022
123	3	5	2022
124	4	5	2022
125	5	5	2022
126	6	5	2022
127	7	5	2022
128	8	5	2022
129	9	5	2022
130	10	5	2022
131	11	5	2022
132	12	5	2022
133	13	5	2022
134	14	5	2022
135	15	5	2022
136	16	5	2022
137	17	5	2022
138	18	5	2022
139	19	5	2022
140	20	5	2022
141	21	5	2022
142	22	5	2022
143	23	5	2022
144	24	5	2022
145	25	5	2022
146	26	5	2022
147	27	5	2022
148	28	5	2022
149	29	5	2022
150	30	5	2022
151	31	5	2022
152	1	6	2022
153	2	6	2022
154	3	6	2022
155	4	6	2022
156	5	6	2022
157	6	6	2022
158	7	6	2022
159	8	6	2022
160	9	6	2022
161	10	6	2022
162	11	6	2022
163	12	6	2022
164	13	6	2022
165	14	6	2022
166	15	6	2022
167	16	6	2022
168	17	6	2022
169	18	6	2022
170	19	6	2022
171	20	6	2022
172	21	6	2022
173	22	6	2022
174	23	6	2022
175	24	6	2022
176	25	6	2022
177	26	6	2022
178	27	6	2022
179	28	6	2022
180	29	6	2022
181	30	6	2022
182	1	7	2022
183	2	7	2022
184	3	7	2022
185	4	7	2022
186	5	7	2022
187	6	7	2022
188	7	7	2022
189	8	7	2022
190	9	7	2022
191	10	7	2022
192	11	7	2022
193	12	7	2022
194	13	7	2022
195	14	7	2022
196	15	7	2022
197	16	7	2022
198	17	7	2022
199	18	7	2022
200	19	7	2022
201	20	7	2022
202	21	7	2022
203	22	7	2022
204	23	7	2022
205	24	7	2022
206	25	7	2022
207	26	7	2022
208	27	7	2022
209	28	7	2022
210	29	7	2022
211	30	7	2022
212	31	7	2022
213	1	8	2022
214	2	8	2022
215	3	8	2022
216	4	8	2022
217	5	8	2022
218	6	8	2022
219	7	8	2022
220	8	8	2022
221	9	8	2022
222	10	8	2022
223	11	8	2022
224	12	8	2022
225	13	8	2022
226	14	8	2022
227	15	8	2022
228	16	8	2022
229	17	8	2022
230	18	8	2022
231	19	8	2022
232	20	8	2022
233	21	8	2022
234	22	8	2022
235	23	8	2022
236	24	8	2022
237	25	8	2022
238	26	8	2022
239	27	8	2022
240	28	8	2022
241	29	8	2022
242	30	8	2022
243	31	8	2022
244	1	9	2022
245	2	9	2022
246	3	9	2022
247	4	9	2022
248	5	9	2022
249	6	9	2022
250	7	9	2022
251	8	9	2022
252	9	9	2022
253	10	9	2022
254	11	9	2022
255	12	9	2022
256	13	9	2022
257	14	9	2022
258	15	9	2022
259	16	9	2022
260	17	9	2022
261	18	9	2022
262	19	9	2022
263	20	9	2022
264	21	9	2022
265	22	9	2022
266	23	9	2022
267	24	9	2022
268	25	9	2022
269	26	9	2022
270	27	9	2022
271	28	9	2022
272	29	9	2022
273	30	9	2022
274	1	10	2022
275	2	10	2022
276	3	10	2022
277	4	10	2022
278	5	10	2022
279	6	10	2022
280	7	10	2022
281	8	10	2022
282	9	10	2022
283	10	10	2022
284	11	10	2022
285	12	10	2022
286	13	10	2022
287	14	10	2022
288	15	10	2022
289	16	10	2022
290	17	10	2022
291	18	10	2022
292	19	10	2022
293	20	10	2022
294	21	10	2022
295	22	10	2022
296	23	10	2022
297	24	10	2022
298	25	10	2022
299	26	10	2022
300	27	10	2022
301	28	10	2022
302	29	10	2022
303	30	10	2022
304	31	10	2022
305	1	11	2022
306	2	11	2022
307	3	11	2022
308	4	11	2022
309	5	11	2022
310	6	11	2022
311	7	11	2022
312	8	11	2022
313	9	11	2022
314	10	11	2022
315	11	11	2022
316	12	11	2022
317	13	11	2022
318	14	11	2022
319	15	11	2022
320	16	11	2022
321	17	11	2022
322	18	11	2022
323	19	11	2022
324	20	11	2022
325	21	11	2022
326	22	11	2022
327	23	11	2022
328	24	11	2022
329	25	11	2022
330	26	11	2022
331	27	11	2022
332	28	11	2022
333	29	11	2022
334	30	11	2022
335	1	12	2022
336	2	12	2022
337	3	12	2022
338	4	12	2022
339	5	12	2022
340	6	12	2022
341	7	12	2022
342	8	12	2022
343	9	12	2022
344	10	12	2022
345	11	12	2022
346	12	12	2022
347	13	12	2022
348	14	12	2022
349	15	12	2022
350	16	12	2022
351	17	12	2022
352	18	12	2022
353	19	12	2022
354	20	12	2022
355	21	12	2022
356	22	12	2022
357	23	12	2022
358	24	12	2022
359	25	12	2022
360	26	12	2022
361	27	12	2022
362	28	12	2022
363	29	12	2022
364	30	12	2022
365	31	12	2022
\.


